$ANSIBLE_VAULT;1.1;AES256
35616339643132326335623430616161303862643161363032643434393730626662363933643539
3035393035663339356166643663373338656362663664310a313937333135633331306666663164
35613839656664363232316663393161393131353533666664653931363633646237323061373061
3561333739396164370a333533393964623334386566656264666465313735396161366565353330
65373561366365616337656461346234373438633434656238613662623037353331386635613634
32663536366237346131613361656561366163363866666433343362643536313135343564633362
39633662363533613938323735643936616464636332353663616635306238666366626662613966
36653733626434373432373238633231366561306533306136323237323766383230626135656434
33373830326133303837313363643233343363306263333930653233643563393837316239636338
31363931356466393139346163323365316564336566336662396439656237356531393064323061
62333139343333393938343333356664613462376164386232303634646637613539313563306434
30323830303364386565363934363833613331383866313861363062666461313034656330366662
34626133303732363633306333373733623435633563323636313034646363616635323639623630
66633934333931386434613937313534373539316461336434646633313462383035383734663632
34376532613231366639353061383730356633316562313965383463333731396230646663363833
32393162333237353937326532663634643435373064363331616236383534313461613462323537
63303839383239616136646531666630373334393033366135653836393262386162343939383933
62316364623433333262336163623466373738653834363231623466376339323565353033623936
39666530303631313639343234366263313062646230653838656562356565316339356562376137
37376137356663343130666164616333373438313232623330626464346465626538613333346532
62343765303761316137373165653432333238636365396537393665626431653364363230653461
65313865623362326433353937353531613963646338326531373838326331343430636264633733
39613862626333636636343339333563306638393633616161363431346661653562663936653835
38323861623234323266653138343735666231323138373639323335373064653834323135343737
30613964383537643766666534636231386231363235636264366432396335666662396431323566
37336463363662663261663839636635656531626163613739666330373465396335333866343465
36303036626265336564386339663062356332383264376633313930353533343536656534323965
38643031383563646465613964363035613835663237336462663364363737383337636365336339
32303661663531613935383531373838353765646139623364613833663361336163626234333565
38376336303836613364663961333138396432656563623663383039383039313338306661376533
34623839626430336335396635623736656263346535643535333035656566333336393065346436
30316135393061383231373165353934356135363061646539363230663232663036353262356232
39643964333632313931366666663065386562666136343835623737636235643136386539653163
30643465303935633666386432633430613433363138303838323263383237626133643564643634
32333337386563303533363266633366636433366464333463353137383230626463613261346137
35383137323265303462386430663061636533333739326336316365333833323062386565313063
32366238316238623464626465656234386366333765386465373832393839303938373231343465
65343936366432663261646139653539326662303533373830623333323935303031303638333134
37623136383534376366613330636366363963663465313134663866343164393461363164653339
62333130306161623531353761643730616162313534623162626366383630383630613037333765
33323935356561633562333765663864663432313564613763353366383165323833636135643535
36616135666165366334383564373736666330353832373834623239363230393866396639383066
62656238363938393533336438613839636666636565373837616336303332353837343932303430
63663761343635383764376234643866663961373334373465613266343563303536353566356465
37353064666635393233623662353030313830643532333965626630313865303937353234303062
65383832363837653834306132373163316161366437643065646336653338393434616637353134
61353433656332333937333638313634313939393031646231316562633735333033303263303638
31613561616237373166323835626638633635386634656634653031323533646365633761623465
38636566373530633861393739306461306664363364306339656332666461636532373062633838
32336561666133613634373137613235343431613764326366306666333964623264376461306666
33363161313363393965623235356564616365306433373233353364376336306534623466626530
61376161343930653761643934313238653830376531633266363231323633396463656265323736
31353134393032386235633662626330383765643765636663633735333839316634653565386432
36623265613762323961613736356434306439383236633265666662303430373131356431343861
63353933346264633433376336356633306138366534646161663236643166656630623730316531
37623039613638306139653961353134343566313666633535643735353233373036306235333230
62383537613436636164393539666366613738326639343930633639356232623832373466306566
64626635353965303930336437666230366263326633623439633430616631333131616162356666
64393131376262326239303362633032336164643239613466323232653737613765633962646137
36376138326638613566313665303961333031326666366335373033653530623731323439363765
36333333393439623032333339326539366537333539303836313864653938326334623263363736
39396165646639643162356632376564396233313961363537333461393863623631333530366530
64643830323732646534636661316664386663323336326164623666333637623637363861333462
61626363613333376437313737653531623138626161363161386236656239616561373066363562
31613436333135633738633030653663643930336133666133646238623434373739316336356362
35633939666532666266323737623537633861353930666233636164663439646564393364653663
34326139333662356230616537323331333365356431323065316262653238633930313465613764
37633338313162636636663537366363353561313463396531346439396135326266653464663931
39353233643032393135343735336664643861623336646263333162316639316662633064303432
33373066373435656362376361376132613837663932383463316338393537356135636336663162
64323234653664323362316233646637326338626265393566323765373536626635366632653661
66613234313831653132663039613838323635313034633362393835353666323337343637326666
65336238313131313431366665343936343165656665656365356366613832343037316631343637
34333032656235343562653635666434653830613237623265633332633166663433396334366362
66393063333362323330386639623463343831626533646164336337323466313431353431663830
32663937323937393235363563653333383438343662633832336566346664303136633532326339
63613239346261623533343337366132653530373764343462336338333261376265663665646330
31663237316261343165613834366531313139333638336635353761383432643933383862623034
30396338313361356261313533666561333463326538393935643535346265343165336363306264
34666631303366306632333462303031636630636136623337663665323162343261366364623231
39653661656534383365393236386432376639653033303664353034333035323935306566343137
64643537386534326164333362373965633666323763323737313164303333653362663832613034
61323865653262326433383134636135306661343034356137623162313036616662333736313532
30323766656334623136643363333261303837306264376633653938363630666531393634666339
33653364656136353762336230393630303963303465306331366635356566316538646532613234
36613834393462396437323362313964356161393531333263386464386665306565303330626339
30383630616336336163626561363735383036633434353833626235636263353131313664633462
62643539376430303237353663386361346365343035356362646434623033313466623736303730
63376535663263383862633930656139396466303434633439323536383936333861646532346266
31633138636433653337633162653564383863653861356632383439323932373364643733613835
36316462366630303461383137393734393833313131663663346135326136396136383436373931
37626333343463383935663062326361653438363461383232613363303633336264626334616133
31663361343962653031666436646437353834313663643132373330353639343064
